0	1	0
0.005	0.999988	0.00499998
0.01	0.999888	0.0149994
0.015	0.99955	0.0299955
0.02	0.99875	0.0499792
0.025	0.997189	0.0749297
0.03	0.994493	0.104807
0.035	0.990216	0.139543
0.04	0.983844	0.17903
0.045	0.974794	0.223106
0.05	0.962425	0.271547
0.055	0.946042	0.324043
0.06	0.924909	0.380188
0.065	0.898261	0.439462
0.07	0.865324	0.501213
0.075	0.825336	0.564642
0.08	0.777573	0.628793
0.085	0.721382	0.692537
0.09	0.656219	0.754571
0.095	0.581683	0.813416
0.1	0.497571	0.867423
0.105	0.403919	0.914795
0.11	0.301053	0.953608
0.115	0.189641	0.981854
0.12	0.0707372	0.997495
0.125	-0.0541771	0.998531
0.13	-0.183164	0.983082
0.135	-0.313811	0.949486
0.14	-0.443234	0.896406
0.145	-0.568107	0.822955
0.15	-0.684709	0.728817
0.155	-0.789015	0.614374
0.16	-0.876818	0.480823
0.165	-0.943885	0.330273
0.17	-0.986156	0.165823
0.175	-0.999965	-0.00840725
0.18	-0.982304	-0.187295
0.185	-0.93109	-0.36479
0.19	-0.84544	-0.53407
0.195	-0.725932	-0.687766
0.2	-0.574824	-0.818277
0.205	-0.396213	-0.918158
0.21	-0.19611	-0.980582
0.215	0.0176101	-0.999845
0.22	0.235381	-0.971903
0.225	0.446286	-0.89489
0.23	0.638549	-0.769581
0.235	0.800189	-0.599747
0.24	0.919816	-0.39235
0.245	0.987515	-0.157526
0.25	0.995788	0.0916857
0.255	0.94046	0.339904
0.26	0.821469	0.570254
0.265	0.643438	0.765498
0.27	0.415945	0.90939
0.275	0.153374	0.988168
0.28	-0.125685	0.99207
0.285	-0.399543	0.916714
0.29	-0.644996	0.764186
0.295	-0.839313	0.543648
0.3	-0.962485	0.271333
0.305	-0.999543	-0.0302174
0.31	-0.942681	-0.333696
0.315	-0.792913	-0.609335
0.32	-0.560984	-0.827826
0.325	-0.267285	-0.963618
0.33	0.0593907	-0.998235
0.335	0.384278	-0.923217
0.34	0.670161	-0.742216
0.345	0.881687	-0.471835
0.35	0.990024	-0.1409
0.355	0.977268	0.212008
0.36	0.839937	0.542684
0.365	0.590894	0.806749
0.37	0.259174	0.965831
0.375	-0.112594	0.993641
0.38	-0.473124	0.880996
0.385	-0.769356	0.63882
0.39	-0.954457	0.29835
0.395	-0.995768	-0.0919069
0.4	-0.881372	-0.472422
0.405	-0.623928	-0.781481
0.41	-0.260712	-0.965417
0.415	0.150664	-0.988585
0.42	0.540676	-0.841231
0.425	0.839434	-0.543462
0.43	0.98957	-0.144053
0.435	0.958117	0.286378
0.44	0.744878	0.6672
0.445	0.385133	0.922861
0.45	-0.0546206	0.998507
0.455	-0.48787	0.872916
0.46	-0.824687	0.56559
0.465	-0.990746	0.135728
0.47	-0.944787	-0.327684
0.475	-0.69033	-0.723495
0.48	-0.278224	-0.960516
0.485	0.201663	-0.979455
0.49	0.63889	-0.769298
0.495	0.927644	-0.373465
0.5	0.993133	0.11699
0.505	0.812564	0.582872
0.51	0.424616	0.905374
0.515	-0.076388	0.997078
0.52	-0.561719	0.827328
0.525	-0.900737	0.434366
0.53	-0.996748	-0.0805787
0.535	-0.816389	-0.577502
0.54	-0.403309	-0.915064
0.545	0.129505	-0.991579
0.55	0.628692	-0.777655
0.555	0.944105	-0.329644
0.56	0.975	0.222203
0.565	0.704503	0.709701
0.57	0.210145	0.97767
0.575	-0.355339	0.934737
0.58	-0.809487	0.587138
0.585	-0.999096	0.0425064
0.59	-0.853839	-0.520538
0.595	-0.415339	-0.909667
0.6	0.170842	-0.985298
0.605	0.700919	-0.713241
0.61	0.983099	-0.183073
0.615	0.908595	0.417678
0.62	0.4968	0.867865
0.625	-0.104898	0.994483
0.63	-0.670655	0.741769
0.635	-0.979926	0.19936
0.64	-0.905052	-0.425302
0.645	-0.467536	-0.883974
0.65	0.162772	-0.986664
0.655	0.730121	-0.683318
0.66	0.995744	-0.0921662
0.665	0.840439	0.541906
0.67	0.322239	0.946658
0.675	-0.33999	0.940429
0.68	-0.855702	0.517468
0.685	-0.99006	-0.140642
0.69	-0.674056	-0.73868
0.695	-0.0446713	-0.999002
0.7	0.609408	-0.792857
0.705	0.97793	-0.208932
0.71	0.877814	0.479002
0.715	0.348789	0.937201
0.72	-0.355754	0.934579
0.725	-0.886035	0.463619
0.73	-0.969424	-0.245393
0.735	-0.554591	-0.832123
0.74	0.151542	-0.988451
0.745	0.781539	-0.623857
0.75	0.997088	0.0762581
0.755	0.673892	0.73883
0.76	-0.0205345	0.999789
0.765	-0.707204	0.707009
0.77	-0.999884	0.0152598
0.775	-0.725015	-0.688733
0.78	-0.0310518	-0.999518
0.785	0.684519	-0.728995
0.79	0.999639	-0.0268498
0.795	0.719199	0.694804
0.8	0.0026494	0.999996
0.805	-0.718992	0.695019
0.81	-0.999137	-0.0415423
0.815	-0.655045	-0.75559
0.82	0.105561	-0.994413
0.825	0.802073	-0.597226
0.83	0.982011	0.188821
0.835	0.519132	0.854694
0.84	-0.289941	0.957044
0.845	-0.908285	0.418353
0.85	-0.913753	-0.406271
0.855	-0.293061	-0.956094
0.86	0.533364	-0.845886
0.865	0.989761	-0.142735
0.87	0.74732	0.664464
0.875	-0.030975	0.99952
0.88	-0.790105	0.612972
0.885	-0.974753	-0.223285
0.89	-0.440013	-0.897992
0.895	0.425385	-0.905012
0.9	0.973344	-0.229349
0.905	0.781587	0.623797
0.91	-0.0127943	0.999918
0.915	-0.8003	0.5996
0.92	-0.961881	-0.27347
0.925	-0.360494	-0.932761
0.93	0.532204	-0.846616
0.935	0.997219	-0.0745251
0.94	0.648331	0.761358
0.945	-0.237323	0.971431
0.95	-0.928224	0.372022
0.955	-0.839837	-0.542838
0.96	-0.0369749	-0.999316
0.965	0.800433	-0.599423
0.97	0.946939	0.321412
0.975	0.265359	0.96415
0.98	-0.652913	0.757433
0.985	-0.992119	-0.125298
0.99	-0.439614	-0.898187
0.995	0.513991	-0.857795
